image_width: 1600
image_height: 1200
camera_name: camera
camera_matrix:
  rows: 3
  cols: 3
  data: [880.583522, 0.000000, 824.798340, 0.000000, 888.263051, 582.249046, 0.000000, 0.000000, 1.000000]
distortion_model: plumb_bob
distortion_coefficients:
  rows: 1
  cols: 5
  data: [-0.255869, 0.072137, -0.001800, -0.000412, 0.000000]
rectification_matrix:
  rows: 3
  cols: 3
  data: [1.000000, 0.000000, 0.000000, 0.000000, 1.000000, 0.000000, 0.000000, 0.000000, 1.000000]
projection_matrix:
  rows: 3
  cols: 4
  data: [695.008484, 0.000000, 828.257588, 0.000000, 0.000000, 774.080566, 573.151134, 0.000000, 0.000000, 0.000000, 1.000000, 0.000000]
