image_width: 1600
image_height: 1200
camera_name: camera
camera_matrix:
  rows: 3
  cols: 3
  data: [884.985776, 0.000000, 820.755442, 0.000000, 887.872215, 576.504752, 0.000000, 0.000000, 1.000000]
distortion_model: plumb_bob
distortion_coefficients:
  rows: 1
  cols: 5
  data: [-0.251283, 0.056935, -0.000668, -0.000794, 0.000000]
rectification_matrix:
  rows: 3
  cols: 3
  data: [1.000000, 0.000000, 0.000000, 0.000000, 1.000000, 0.000000, 0.000000, 0.000000, 1.000000]
projection_matrix:
  rows: 3
  cols: 4
  data: [671.500854, 0.000000, 826.852860, 0.000000, 0.000000, 770.322510, 567.118162, 0.000000, 0.000000, 0.000000, 1.000000, 0.000000]
