# oST version 5.0 parameters


[image]

width
1600

height
1200

[narrow_stereo]

camera matrix
880.583522 0.000000 824.798340
0.000000 888.263051 582.249046
0.000000 0.000000 1.000000

distortion
-0.255869 0.072137 -0.001800 -0.000412 0.000000

rectification
1.000000 0.000000 0.000000
0.000000 1.000000 0.000000
0.000000 0.000000 1.000000

projection
695.008484 0.000000 828.257588 0.000000
0.000000 774.080566 573.151134 0.000000
0.000000 0.000000 1.000000 0.000000

