# oST version 5.0 parameters


[image]

width
1600

height
1200

[narrow_stereo]

camera matrix
884.985776 0.000000 820.755442
0.000000 887.872215 576.504752
0.000000 0.000000 1.000000

distortion
-0.251283 0.056935 -0.000668 -0.000794 0.000000

rectification
1.000000 0.000000 0.000000
0.000000 1.000000 0.000000
0.000000 0.000000 1.000000

projection
671.500854 0.000000 826.852860 0.000000
0.000000 770.322510 567.118162 0.000000
0.000000 0.000000 1.000000 0.000000

